50.0
50.457072544778946
50.934680062033365
50.061010477979025
48.014295987305516
47.89367733309912
47.11106469192378
46.16896650224196
45.30705683240017
45.58390813304791
44.48776873132041
44.70704914769636
45.11971594625691
45.72655118014039
44.345516091729884
43.24560059151944
44.283534940402134
43.63167903014291
42.68664978132864
42.46236355452385
42.70925486744691
41.65365273282197
41.609267393444775
41.255658325347234
41.37180054566286
40.70879893561157
40.007794518983474
40.54286998354912
39.97589497129817
40.613919577301345
41.047379120397494
43.30694557719168
44.3713110230805
45.26831709638403
44.44606621951261
44.43381323528281
44.79551909603198
44.82786338759935
45.889483825816406
44.595364488884044
44.51691044113021
43.98555877522523
43.16080595946624
43.336807267592846
43.11054868738855
44.41756687010545
43.509323413851746
43.097166755264276
43.45008552478485
44.513437741245916
