-0.1423174118
1.894850536
-1.553735041
-1.508108381
0.8442579497
-0.4666791916
0.1464977326
-0.3996288485
-1.237791598
-0.1907358605
1.249228407
-0.9157530665
2.320771169
-0.1106176229
-1.008818333
0.415368378
1.171197253
0.4820012399
-0.730436398
-0.6702193044
-0.05050345007
1.016318729
0.5389331927
-0.2865790235
-0.2223415049
-0.07437790737
0.2727224884
-1.251411195
-0.8677872523
0.1236927818
0.379372638
-0.1572621245
0.473496019
-0.5379789741
-0.5828934121
0.5707474127
1.963862034
-0.1627207863
-0.9146183385
2.505714331
-0.06089077619
-0.8998606506
-0.6217056285
-0.0008110152265
0.112894387
2.32180217
-0.266610446
-0.2143605858
0.5007893073
-0.7964566542
-0.6934502365
-0.5280871637
0.6398972295
-1.138351647
0.6269320088
-1.007692719
0.7828407592
-1.895201489
-0.005106735371
0.02045000165
-1.62572478
0.7349733282
0.1332993541
0.784583829
1.66737105
0.6476573369
-0.3630169807
-1.586467002
0.5375915016
-0.8251377806
0.967690237
-0.2359830929
1.779928266
0.9383109228
0.7710726304
-0.8623153481
0.6017723687
0.04153031782
-0.3386337909
-1.140360258
0.4657329491
1.567176785
-2.699504378
-0.5194636572
0.827285241
0.1858257461
1.585238566
-0.4728336504
0.5395125517
0.8400616674
-0.06642896882
-0.9680313145
0.9302204256
-0.3187218912
-0.3957042713
0.9504264098
0.5838391544
-0.04016373408
-0.172042834
-0.1398152319
0.04231545896
0.6942544242
-0.7831304913
-0.1504726125
-0.2720697407
1.09506881
1.123789961
-0.6542461051
-0.2202861155
0.6197111437
-1.42374931
-1.018781451
1.915201362
2.390214309
0.7085985561
-1.121253228
-1.157370058
2.440116399
-1.50273413
-1.023517545
1.472653673
0.3645176872
0.6817847667
0.666221624
0.7537058518
-0.463809612
-0.8752883621
0.01201146671
-0.6566457493
-0.3361840045
0.6352932051
-0.8878819484
1.169968194
1.747112569
-1.083966063
1.648982238
-0.5719571942
0.6280435523
2.248350643
0.3948573476
-1.098258869
-0.9097749572
1.808357312
-0.3744700186
-1.051733367
0.3000741596
0.7416206194
1.078987897
1.222372894
0.2561279245
-0.9116970388
0.3794363169
-0.7250915076
0.5615621834
0.3250656501
0.1273266144
-0.7210837296
2.114691981
-1.42795219
-0.3742454721
-0.6309770935
0.3845297701
0.6284033832
1.076827323
-2.019762133
0.1803535071
-0.5308026521
-2.137198851
0.9377880292
-0.3645900373
-1.821735258
-0.1084180907
-0.7783199487
-0.7898634276
2.944753573
-1.170916086
0.04285021317
0.1851971497
-1.735107041
0.5386877457
-0.2384791772
0.821116788
-1.222099207
-0.4062526108
-1.87615772
0.3555217657
0.06635346741
-0.6302294755
-0.3413512714
0.6364045921
0.09112009391
-0.8648731106
0.8635035754
2.102790294
-0.05158802059
1.120871973
-2.172128577
0.3343216989
-0.5064909309
-0.2196349406
-1.19988762
1.454202207
-1.730233841
-0.7656523729
-0.9957422527
-0.8518745842
-2.150434437
0.4434138901
0.4752804913
0.5934171517
-0.441996878
-0.768420416
0.9600184046
-0.9687033539
-1.409653267
-0.1811310832
-0.776251182
1.618224713
-0.4649520295
1.864755967
-0.9620172824
0.8484503567
0.2795741384
-1.975538197
-0.08366634173
0.4087201261
-0.701448587
-0.5928610297
-1.323169572
-1.254086278
1.930803762
-0.4231318675
0.3423586977
1.877012193
-1.222708976
0.3012902236
-0.5920599159
1.819320625
-0.4840544579
0.204142194
-0.4700618769
1.342798536
-0.2845098758
0.6488770529
-1.173193122
0.7765734105
0.2858172696
-1.294781274
-0.5341960993
0.6429939225
1.206906003
-0.2717687627
0.6567465091
-0.4934967014
-1.534584871
-0.8694149644
0.7509022912
-1.287055189
-0.3017015093
1.091098929
-0.7409426391
0.7862056553
0.956518788
-0.3203899908
2.119313057
0.3723946531
0.2366515083
-0.4968388752
0.2271394194
0.09386973672
-0.02115671514
0.1764712238
-0.7603761478
-1.499013098
-0.08840442574
-1.459512571
-0.7646313486
0.5041038446
0.5030870864
-1.069043559
0.5627948032
0.3095938584
1.345258409
-0.2089264377
0.8989813355
0.3936135296
1.025831883
0.8467313283
1.111486073
0.229039422
-0.07484462142
-0.1448303997
1.784437911
-0.1807506019
1.351253888
0.6251581657
1.090092848
-0.5320089656
0.0739670751
-1.385910619
1.748671522
-1.489642364
0.09362105473
0.1008102728
0.274223893
0.2063340777
-1.671067708
-0.1721013933
0.08292499464
0.5697563835
-0.9897327246
0.8488886875
-0.05744138547
1.154938532
1.701358077
0.9556191233
-0.04690587838
-1.615037632
0.9349329165
-0.3251208477
-0.2098493606
-0.5933336853
0.4168923773
-0.1583523307
-0.07110544577
-0.987866997
0.7715074191
0.5606990942
-0.5170923053
-0.6544699771
-0.4424293129
-0.7422659101
-0.05716559753
-1.55773048
-0.9423389224
1.079282787
0.3695100018
1.357026424
1.086158398
0.3743358488
0.2402283232
-0.1388931285
-0.3246132692
1.089892719
-2.252455913
1.240549448
0.720155417
-0.4316356298
-0.7320250512
-0.2414166207
0.6018369295
0.6925972046
0.8218275217
-0.26542848
-0.4824178636
0.4904819818
1.277908638
-1.182994544
0.8645198399
-0.1982976883
-1.047174279
1.229364298
0.54976313
-0.9452516711
-1.286970165
0.9073693559