-0.03223236788643734
-2.169067313300841
0.8981824695556817
-1.182500639268828
-0.5957191859611214
0.09345587740173826
0.7226359351376139
0.7536812095470047
0.30608170706938925
0.2880771402148107
0.7464271481290031
-0.006380174417498366
-0.8773896324270626
-0.23892593183946043
0.023413146256049407
-2.0318271313691945
1.5670650966985533
1.0644544864465326
0.68124871139518
0.43663938201381364
-0.5811635216026733
-0.32413900532305073
1.7499636049218108
0.04101816128382535
-0.7804621435546905
0.3732525154266206
1.9115715872958463
-0.3585909777230735
0.762241011580928
-0.7890495641978509
1.8311021383086141
2.796602592651589
-0.4559749930984626
-0.4744444502567866
-1.5149266914672346
0.9627637129902927
1.0428442882801336
-1.0113276759432424
-0.5223253402484737
-1.6836475671239424
-0.3471334588370133
1.9050304557224833
-0.03776182881017295
-1.6367077420389853
0.14066749658341043
1.1640104873784036
-0.8764171534028754
0.4156474407634546
-1.1357734416956922
0.16250533069057824
-0.8468729297694676
-0.6618294787694148
1.0706617885531913
-1.666156823969299
0.030746247547514993
1.0599514981562534
1.650679790494729
0.6925250496647495
-0.624974986750805
0.968633524917013
-0.22481801741229815
-1.3240009950226481
0.20536235407531242
-1.0147607477223601
0.4501402769993689
0.35645914964037856
0.97161951009994
-0.5388983288956729
0.9623462954490475
1.8742757750459011
-0.0749411704156558
-0.36047053640915194
-0.25626065064714787
1.0781939368177185
-1.0492370511123783
-0.846097966526602
0.05644069436564011
-0.6115455292084108
-1.7842806400753533
-0.7292247771510012
-1.0081621897845756
-0.4374466798925861
-1.037258180066235
-0.07318083664232576
-0.2837264312386442
0.8066997182905561
-0.45891827956712233
0.5426563925264667
-1.9569489384455652
-0.10695167140366504
-1.8398872064759986
-0.499108389115389
0.25294115124265854
0.5819111636854164
0.4762738773133494
-0.10159395224512778
0.8649187662013967
0.8790179790849882
-0.08110593932317069
0.4293839481104208
1.2258233779729517
-0.22700371763775593
-0.026189762171366888
-0.05597676314650119
0.17081078954640497
-0.47723933315923683
2.6004881214306907
0.5832795832550675
-0.290882161866726
0.44241245116037864
-1.308226167485989
1.7374513988595814
1.1084698182319075
1.1694603353455058
0.3361931499778923
1.384111522692605
-2.3093932420004957
-1.183355099774145
-1.378164011950097
0.6882860785665879
1.0861801171431256
-0.2129426971509739
0.3066568312648389
-0.22326094021037893
1.9131754774817837
1.0570936657686913
0.24955951228414672
1.7871530923057506
-1.3275345460233299
-2.25407520416101
-0.29122178714876357
0.260664759061736
0.9365676846145601
-1.3435066585693454
0.33620764082913623
-1.5715343266680777
-0.5810897666908555
0.259500902333186
-0.5734155125305677
-1.1770665771877278
-0.4168337725132953
0.6746376358711024
-0.1477463087374572
-0.41873847902451083
