250.0
251.46128784165512
252.9775424640498
250.64617807234927
244.8919147685511
244.69384431631914
242.55327141371927
239.92027045037938
237.49967165569606
238.4776373522264
235.33143487238712
236.14185785373206
237.53411453750067
239.50483590255095
235.49212960117484
232.28234122870484
235.59980310660023
233.75856642408434
230.99689782392625
230.44728054212584
231.35727623172153
228.21552037136703
228.21984554908784
227.25225166290954
227.76063639919346
225.80952846916819
223.71979140336214
225.5663405067865
223.89896407273673
226.075993156293
227.5945456993411
234.81888433056372
238.24916218557485
241.14102630540737
238.7782503424719
238.89065197124629
240.15075933399825
240.40079681248622
243.790829652048
239.9888493174811
239.89815390674136
238.4074249059962
235.99082839396192
236.68888498506482
236.13024337540742
240.34580836481234
237.67432100212386
236.53369399820608
237.7879162252953
241.24753362491717
