273.6
270
269.3
268.4
269
269
269
269
268.5
265.6
264.8
264.6
264.6
264.6
264.6
263.9
263.8
264.8
264.9
264.9
264.9
267
266.7
264.6
264.8
262.9
262.9
262.9
262.8
265.5
265.6
268.5
267.1
267.1
267.1
265.2
263.3
262.8
260.1
259.9
259.9
259.9
260.7
260.3
259.4
255.1
258.2
258.2
258.2
258.2
256.1
258.2
258.5
260.9
260.9
260.9
265.8
268.4
267.8
266.2
263.1
263.1
263.1
263.5
260.9
262.4
266.1
271.5
271.5
271.5
272.3
267.5
262.9
260.3
258.4
258.4
258.4
260.1
260.8
262.2
261.4
261.7
261.7
261.7
262.1
261.1
259.7
258.8
257.9
257.9
257.9
255.6
256.8
258.4
258.1
260
260
260
258.3
257.3
258.7
260.1
260.1
260.1
260.1
263.3
261.1
261.3
265.3
264.8
264.8
264.8
263.7
264.1
262.4
264.4
264.3
264.3
264.3
264.4
264.8
265.8
266.7
266.5
266.5
266.5
266.5
265.5
270.4
269.5
268.3
268.3
268.3
268.7
268.5
272.4
274
287.8
287.8
287.8
285.8
285.5
284
279.4
278.2
278.2
278.2
278.2
273.9
265.7
265.3
266.4
266.4
266.4
264.9
265.7
265.7
266
273.4
273.4
273.4
267.9
271.5
272
275.3
271.2
271.2
271.2
272.4
273.4
272.4
272.6
272.3
272.3
272.3
273.7
276.2
272.1
270
271.3
271.3
271.3
270.1
268.3
268.3
265.8
266.6
266.6
266.6
267
266.7
268.8
267.1
267.6
267.6
267.6
267.4
268.6
270.8
269.7
270.2
270.2
270.2
269.1
270
267.8
266.3
267.4
267.4
267.4
264.6
266.2
267.4
267.4
267.9
267.9
267.9
267.1
267.2
267.9
273.4
273.9
273.9
273.9
275.7
276.3
275.7
275.2
279.3
279.3
279.3
276.1
275
274.9
275.3
272.5
272.5
272.5
272.6
272.3
273.7
276.1
275.1
275.1
275.1
275.1
272.3
272.7
273.7
273.8
273.8
273.8
272.3
275.5
275.5
275.5
291.1
291.1
291.1
290.3
288.6
291.5
289
291.9
291.9
291.9
289.7
290.5
293.3
291.7
292.4
292.4
292.4
292.2
289.9
290.5
290.5
291.4
291.4
291.4
292.5
288.9
285.7
281.8
284.9
284.9
284.9
282.1
282.3
283.4
279.2
280.1
280.1
280.1
275.5
276.1
275.9
277.8
277.9
277.9
277.9
279.1
281.2
280.5
280.7
280.8
280.8
280.8
279.5
280.2
281.3
277.1
277.7
277.7
277.7
278.6
278
278
275.3
274.9
274.9
274.9
272.9
273.2
273.1
273.1
273.1
273.1
273.1
272.5
273.4
274.1
273.5
273.9
273.9
273.9
276.9
275.4
273.7
274.2
273.9
273.9
273.9
272.2
272.2
273.8
273.9
278
278
278
277.7
280.4
275.5
276
278
278
278
278
278
279.7
277.4
276.8
276.8
276.8
279
279
279.2
278.5
279.2
279.2
279.2
278.9
279.2
283.7
287.4
287.7
287.7
287.7
285.7
284.7
287.6
284.7
283.4
283.4
283.4
283.4
281.8
278.9
278.4
279.1
279.1
279.1
278.5
281.4
281.9
282.1
286
286
286
289.3
298.2
297.5
299.7
303.5
303.5
303.5
300.1
300.7
299.4
299.7
298.4
298.4
298.4
298.4
293.2
292.3
293.2
293.2
293.2
293.2
292.7
298
296.6
297.1
298.4
298.4
298.4
297.1
294.4
293.9
290.5
290.3
290.3
290.3
291.3
293.8
293.8
291.2
290.1
290.1
290.1
292.3
293
292.4
293.1
297.6
297.6
297.6
297.4
296.8
302.2
302.6
302.6
302.6
302.6
303.2
305.9
302.6
301.1
300.1
300.1
300.1
300.5
298.8
301.7
302.2
302.1
302.1
302.1
300
298.8
302.1
304.5
302.3
302.3
302.3
303
304
304.3
308.1
311.6
311.6
311.6
311.5
309.2
309.4
308.6
312.5
312.5
312.5
311.5
311.9
308.5
309.8
311.3
311.3
311.3
310.9
307.6
309
310.1
310.9
310.9
310.9
316
316.1
318.3
322.8
320.7
320.7
320.7
320.7
324.1
325.5
325.5
326.5
326.5
326.5
326.7
327.8
321.2
324.9
324.6
324.6
324.6
318.7
319.7
320.3
317.7
319.1
319.1
319.1
317.4
319.2
319.8
323.2
324.6
324.6
324.6
324.3
320.2
320.5
319.6
313.9
313.9
313.9
314.4
313.2
311.3
311.3
311.3
311.3
311.3
312.5
316.5
315.1
317.6
315.9
315.9
315.9
319.9
317.5
317.7
317.1
323.9
323.9
323.9
323.4
312.6
311.5
309.7
303.3
303.3
303.3
301.5
303.7
303.2
304
307
307
307
307.8
305.5
314.3
310.4
314.2
314.2
314.2
314.1
314.2
311.8
314.3
313.7
313.7
313.7
306
308.7
307.6
306.6
306.7
306.7
306.7
309.4
312.3
309.4
313.3
312.8
312.8
312.8
312.8
313.9
315.4
318.7
320.4
320.4
320.4
321.7
318.3
317
319.3
317
317
317
317.5
317.3
320.9
322.9
322.2
322.2
322.2
323.1
326
322.3
320.4
319.7
319.7
319.7
323.9
320.9
321.5
321.1
322.1
322.1
322.1
321.9
318.2
319.6
316.5
316.3
316.3
316.3
317.8
312.6
314
311.6
312.7
312.7
312.7
310.9
313
312
310.7
313.4
313.4
313.4
315.2
317.7
316.9
318.4
319.2
319.2
319.2
318.7
318.6
317.9
320.9
321.7
321.7
321.7
321.6
324.7
318.9
318.1
320.9
320.9
320.9
319.4
318.8
317.6
317.6
320.9
320.9
320.9
317.9
317.7
316.8
316.8
316.8
316.8
316.8
317.6
320.2
322.2
324.8
326.3
326.3
326.3
325.8
323.5
324.8
331.4
333.2
333.2
333.2
337
337.4
342.1
345.9
340.5
340.5
340.5
345.1
346.8
346.8
348.9
349.2
349.2
349.2
344.1
348.2
348.2
346.5
351.6
351.6
351.6
352.1
347.7
354.3
353.7
354.9
354.9
354.9
355.1
352.4
351.1
358.1
356.8
356.8
356.8
356.8
357.5
359.9
364.7
368.4
368.4
368.4
369.4
370
366.3
368.6
368.3
368.3
368.3
370.8
379
376.4
370.1
369.9
369.9
369.9
363.7
362.5
352.6
357.4
351.9
351.9
351.9
351.9
344.2
349.9
353.1
351.8
351.8
351.8
356.3
352.3
354
346.2
350.3
350.3
350.3
349.3
353.3
353.2
356.9
350.9
350.9
350.9
354.8
350.6
346.6
336
336.6
336.6
336.6
337.2
337.7
336.2
333
326.1
326.1
326.1
329.5
328.3
330.1
328.4
331.5
331.5
331.5
335.9
334.3
329.6
324.9
325.3
325.3
325.3
321.5
322.2
325.6
326.7
327.9
327.9
327.9
324.2
324.9
325.8
327.2
327.2
327.2
327.2
333.5
334.4
331.5
334.8
333.4
333.4
333.4
334.5
334
339.4
342.4
341.3
341.3
341.3
342.6
342.8
342.2
348.7
348.9
348.9
348.9
351.9
350.2
352.5
352.8
354.9
354.9
354.9
364.4
366.5
372.2
368.1
368.8
368.8
368.8
368.8
367.8
365.2
369.6
364.5
364.5
364.5
366
365.2
362.6
368.6
363.7
363.7
363.7
361.8
352.2
355.5
353.3
356.6
356.6
356.6
359
363.2
357.2
361.3
356.3
356.3
356.3
353
346.3
349.3
343.9
345.5
345.5
345.5
346.3
351.7
351.6
351.3
351.3
351.3
351.3
348.4
344.4
343.9
344.6
345.1
345.1
345.1
347.8
342.2
343.2
344.3
347.3
347.3
347.3
351
350.7
358.7
362.3
362.8
362.8
362.8
364.9
361.7
356.2
354
346.1
346.1
346.1
349.2
349.6
350.8
352.5
356.3
356.3
356.3
361.7
358.5
362.1
366
363.2
363.2
363.2
358.4
361.6
365.6
360.6
363.1
363.1
363.1
361.3
365.8
373.5
370.6
375.8
375.8
375.8
375.8
373.3
374
373
377.7
377.7
377.7
375.2
381.8
380.1
379.8
375.9
375.9
375.9
374.6
373.6
376.3
376.7
381.9
381.9
381.9
387.2
385.9
387.5
385
380.8
380.8
380.8
382.4
385.4
384.3
383.1
369.4
369.4
369.4
372.7
377.2
375.4
369.2
373.6
373.6
373.6
375.2
375.7
372.6
372.7
371.8
371.8
371.8
374
381.7
386.5
384.7
388.9
388.9
388.9
387.9
383.2
386.8
384.4
384.6
384.6
384.6
377.1
380
382.7
380.7
383.4
383.4
383.4
386.7
388.2
395
394.3
398
398
398
391.5
397.6
394.9
393.7
396
396
396
391.5
391.1
396.8
396.8
396.8
396.8
396.8
402.7
403.7
403.9
403.3
406.4
406.4
406.4
406.6
408.2
406.2
404.6
409.4
409.4
409.4
409.2
407.7
412
410.4
409.2
409.2
409.2
410.6
411
412.3
412.3
412.3
412.3
412.3
414.8
417.2
416.1
416.1
416.1
416.1
416.1
424.8
423.2
422.3
424.4
426.8
426.8
426.8
426.6
424
422
408.7
407
407
407
407
412.9
411.2
410.1
408
408
408
406.7
410.1
414.6
398.5
402.2
402.2
402.2
398.7
399.2
401
398.1
403.6
403.6
403.6
406.8
406.4
410.2
413.7
410.3
410.3
410.3
410.3
416
412.3
409.8
397.5
397.5
397.5
399
404.5
395.8
395.5
396.8
396.8
396.8
399.6
393.8
392.7
393.2
401.6
401.6
401.6
400.9
404.5
400.3
401
395.6
395.6
395.6
399.6
402.6
407.1
411.3
412.7
412.7
412.7
417.6
420
417.4
416.9
422.2
422.2
422.2
417.1
421.7
427.3
427.8
421.6
421.6
421.6
415.4
418.9
422.8
419.9
419.9
419.9
419.9
420.1
407
399.8
397.7
401
401
401
400.6
397.7
390.8
393.3
395.1
395.1
395.1
396
398.6
385.4
387.1
387.5
387.5
387.5
387.5
391.8
393.8
388.4
379.1
379.1
379.1
378.7
377.2
377.7
374.9
377.1
377.1
377.1
379.6
375.9
383
378.5
384.9
384.9
384.9
385.7
388.4
388.3
394.9
394
394
394
394
394.6
391.6
388.1
390.9
390.9
390.9
393.7
391
384.5
385.9
385.9
385.9
385.9
383.6
388.1
384.6
388.9
395.1
395.1
395.1
394
395
395
403.1
402.9
402.9
402.9
401
392.8
393
396.4
398.7
398.7
398.7
398.7
393
402.7
408.2
407.9
407.9
407.9
408.4
402.3
405.6
404.4
406.8
406.8
406.8
405.8
402.1
397.3
395.3
390.5
390.5
390.5
390.3
387
389
387
391
391
391
391.7
394
392.2
392.3
399.8
399.8
399.8
400.7
400
395.5
394.3
398.9
398.9
398.9
402.9
404.4
404.3
407.1
413.2
413.2
413.2
410.5
403
407.9
407.4
403.3
403.3
403.3
408.4
410.9
409.3
406.5
401
401
401
401
397.9
399.9
398.9
402.3
402.3
402.3
404.5
406
405.3
405
406.1
406.1
406.1
405.5
408.5
407.4
411
408.1
408.1
408.1
409.1
412.5
413
418.7
419.5
419.5
419.5
414
418.2
418.4
418
423.1
423.1
423.1
422
415.1
413.2
418.1
418.7
418.7
418.7
416.2
420.3
423.5
424.4
424.6
424.6
424.6
429
426.8
424.8
426.1
429.4
429.4
429.4
428.2
420.8
425.4
430.8
434.3
434.3
434.3
433.4
436.2
434.5
435.4
438.3
438.3
438.3
437.3
440.5
445.1
442.9
447
447
447
449
447.9
449.3
449.3
449.3
449.3
449.3
453.7
451.3
454
450.4
456
456
456
454.2
452
437.2
435.8
433.9
433.9
433.9
438.9
435.9
440.8
436.9
441.6
441.6
441.6
442.4
441.8
440.3
441.9
441.9
441.9
441.9
445.2
444.3
437
438.4
438.4
438.4
438.4
429.7
429.2
427.3
421.6
419.5
419.5
419.5
419.7
422.4
426.6
425.1
423
423
423
423
423.5
423.3
422.6
426.9
426.9
426.9
427.1
422.1
426.9
426.3
425.8
425.8
425.8
421.8
420.8
421.1
416.6
414
414
414
413.6
412.6
412.9
417.2
420.5
420.5
420.5
425.8
425.9
425.5
427.3
427.1
427.1
427.1
427.1
434.5
434.9
434.5
436.1
436.1
436.1
437.6
433.9
433.8
430.8
435.1
435.1
435.1
435.8
441.1
442.9
443.4
446.8
446.8
446.8
441.6
441.4
444.2
439.1
439.7
439.7
439.7
431.4
431.6
425.4
424.8
424.8
424.8
424.8
426
426
426.9
428.7
425.9
425.9
425.9
423.9
424.5
427.1
426.5
426.9
426.9
426.9
428.6
427.6
429.3
424
424.9
424.9
424.9
427.5
432.9
435.3
433
434.3
434.3
434.3
434.6
437.9
433
432.4
436.1
436.1
436.1
430.5
427.7
430
430.7
426.9
426.9
426.9
426.9
427.9
427.9
422.2
420.7
420.7
420.7
419.3
419.8
421.9
420.8
417.7
417.7
417.7
416.9
417.7
418.9
418
419.8
419.8
419.8
419.8
416.3
415.3
422.7
423.7
423.7
423.7
426.5
424.8
424.7
424.2
427.4
427.4
427.4
429.3
427.5
429.1
436.2
438.3
438.3
438.3
438.4
438.9
438.1
441.7
440.5
440.5
440.5
440.3
436.4
438.6
437.1
428.8
428.8
428.8
428.8
423.9
424.5
424.2
423.8
423.8
423.8
426.3
427.1
424.6
420.2
421.3
421.3
421.3
421
420.2
422.1
425.7
425
425
425
425.9
423.5
424.8
427.4
429.9
429.9
429.9
431.9
431.9
436.9
437.9
437.2
437.2
437.2
434.7
434.2
436.5
445.5
445.9
445.9
445.9
442.2
446.1
439.9
439.5
437.2
437.2
437.2
438.1
439.4
437.3
438.4
437.4
437.4
437.4
437
432.5
435.1
443.5
445.4
445.4
445.4
445.4
445.5
446
447.7
450
450
450
450.7
447
450.7
456.3
460.3
460.3
460.3
467.3
466.8
469.4
467
463.9
463.9
463.9
466.2
462.9
469.8
472.3
469
469
469
466.1
466.1
466.1
471.9
474.7
474.7
474.7
475.1
477.1
473.9
471.1
469.2
469.2
469.2
474.1
472.1
463.5
461
467
467
467
465
472.8
471.2
473.8
474.8
474.8
474.8
466.9
460.6
464.6
461.9
457.9
457.9
457.9
460.4
462.3
467.5
467.7
469.4
469.4
469.4
469.1
469
479.1
486.9
486.2
486.2
486.2
489.5
492.9
492.3
492.3
492.3
492.3
492.3
498.3
499.1
494.6
502.5
503.3
503.3
503.3
508.9
510.2
514.3
519.3
527
527
527
528.4
521
506.5
503.9
503.4
503.4
503.4
503.6
494.6
493
502.7
503
503
503
503
508
514.2
517.5
518.9
518.9
518.9
518.9
532.5
535.6
527.8
541.2
541.2
541.2
550.5
545.7
550.1
549.3
557
557
557
557
554.3
544.5
559
554
554
554
558.7
558.1
562.5
559.9
558.8
558.8
558.8
565.8
570.8
569.4
572.5
567.4
567.4
567.4
570.2
551
550.1
564.5
550.2
550.2
550.2
539
545.9
539.7
546
551.8
551.8
551.8
551.8
553.9
553.9
548.4
558.8
558.8
558.8
557
563.9
565.8
570.4
568
568
568
556.8
554.5
544.3
547
541.3
541.3
541.3
547.5
553
554.4
555.4
555.1
555.1
555.1
556.1
553.2
551.7
550.8
560.5
560.5
560.5
567.4
567
573.3
586.7
581.8
581.8
581.8
589.4
586
587.9
595.2
588.4
588.4
588.4
597.6
595.2
597.5
596.5
596.5
596.5
596.5
615.4
620
632.6
619.8
632.2
632.2
632.2
620.6
631
638.8
636.3
654.5
654.5
654.5
660.2
667.4
668.5
676.5
684.3
684.3
684.3
679.9
701.5
705.7
721.5
711.8
711.8
711.8
685
692.9
691.8
680.9
657.5
657.5
657.5
657.7
673.7
637.5
648.5
651
651
651
651
653.9
642.5
627.6
635.5
635.5
635.5
643.2
629.4
627.4
609.1
608.2
608.2
608.2
606.8
562.5
562.3
566.5
578
578
578
568.8
576.9
587.5
582.2
584.8
584.8
584.8
584.8
581.6
578.3
588.9
616
616
616
616
616
629.7
636.3
634.8
634.8
634.8
626.1
643.1
651.2
654.4
668
668
668
651.9
629.5
642.8
632.5
620.2
620.2
620.2
613.2
618
621.9
632.5
634.8
634.8
634.8
634.2
646.3
651.6
644.9
644
644
644
647.8
645.7
650.5
634.9
633.5
633.5
633.5
628.5
622.5
628.7
615.4
612.1
612.1
612.1
625.7
624.6
623.7
619.5
622
622
622
615.3
610.7
620.2
628.2
626.6
626.6
626.6
626.6
640.7
635.6
618.9
611.4
611.4
611.4
591.6
588.5
590.5
580.4
577.5
577.5
577.5
587.2
577.7
580.8
582.9
590
590
590
590.4
591.6
597.6
605
598.6
598.6
598.6
597.7
576.3
562
571
572.4
572.4
572.4
578.4
571.9
572.3
576.3
588.8
588.8
588.8
594.7
589.7
588.9
599
593
593
593
579.7
584.4
587.6
596.8
598.2
598.2
598.2
607.4
606.8
619.3
627.8
629.2
629.2
629.2
627.9
627.7
618.3
636.8
630.1
630.1
630.1
625.8
625.3
623.8
621.7
622.5
622.5
622.5
622.1
628.7
629
629
629
629
629
640.6
637.3
635.5
646.9
644.7
644.7
644.7
645.2
642.3
630.5
631.9
626.1
626.1
626.1
630
627
627.9
626.6
615
615
615
614
621.6
620.6
618.2
619.1
619.1
619.1
619.1
623.7
627.2
636.9
638
638
638
638
638
629.8
626.2
606.9
606.9
606.9
609.4
615
613.4
613.9
626.9
626.9
626.9
626.9
625.9
633.3
628.1
636.1
636.1
636.1
634.1
645.9
648.2
648.1
644.7
644.7
644.7
643.2
644.2
652
657.4
646.2
646.2
646.2
650.9
653.6
652.3
658
667.5
667.5
667.5
662.6
663.9
667.4
667.3
668.8
668.8
668.8
668.8
657.1
680.2
679.4
682
682
682
686.5
687.2
672.5
665.1
644.4
644.4
644.4
639.2
646.2
652.9
655.5
652
652
652
650.3
649.4
642.5
647.1
653.9
653.9
653.9
654.3
659
660
664.2
657.3
657.3
657.3
663.9
662.5
666.8
661.5
663
663
663
665.7
664
672.1
674.2
674.2
674.2
674.2
671.9
676.5
676.8
675.1
685.4
685.4
685.4
690.1
688.2
689.1
684.3
692
692
692
690.6
684.2
684.1
674.9
681.8
681.8
681.8
683.5
677.3
675.1
684.4
689.7
689.7
689.7
690.4
687.4
682.5
667
672.3
672.3
672.3
670.1
674.5
661.5
657.2
662
662
662
663.8
659.9
662.6
653.3
655.3
655.3
655.3
655.3
657.2
652.5
661
671.2
671.2
671.2
670.7
669.6
669.3
660.1
645.5
645.5
645.5
654.3
648.5
648.2
651.6
654.5
654.5
654.5
655.8
660.7
656.1
650.6
653.5
653.5
653.5
651.3
642.1
641.7
650.4
650.9
650.9
650.9
659.2
655.4
655.4
650.6
654.8
654.8
654.8
662.5
664.4
662.1
668.3
667.3
667.3
667.3
666.3
665.9
673.7
678.1
684.7
684.7
684.7
681.5
684.8
673.8
662.8
660.1
660.1
660.1
664.1
666.9
663.6
664.6
672.5
672.5
672.5
671.5
670.6
674.5
661.4
670.3
670.3
670.3
669.7
668.6
668.9
648.3
656.9
656.9
656.9
656.7
656.7
659.1
658.9
668
668
668
666.8
664.4
666.3
668
675.8
675.8
675.8
675.8
685.2
684.3
698.1
703.2
703.2
703.2
705.6
714.4
714
711.2
711.1
711.1
711.1
717.1
717
723
733.2
732.1
732.1
732.1
732.5
732
728.6
732.7
742.8
742.8
742.8
747.2
729.8
729.3
737.8
741.3
741.3
741.3
732.8
737.4
740.4
751.3
748.7
748.7
748.7
757.9
760.2
757.5
764.1
764
764
764
755.8
759
761.6
767.3
783.9
783.9
783.9
789.1
787.8
795.3
793.7
808.5
808.5
808.5
810.8
823.4
833.5
837.5
834.7
834.7
834.7
807.7
799
814.7
787.3
787
787
787
778
791.4
798.6
798.6
824.7
824.7
824.7
826.5
814
800.3
795.3
782.2
782.2
782.2
788.3
801.3
797.5
801.2
794.4
794.4
794.4
807.7
811.4
813.5
799
793.3
793.3
793.3
794.8
803
801.1
799.2
811.6
811.6
811.6
812.8
812.8
826
828.6
842.7
842.7
842.7
838
838
860
869.1
865.7
865.7
865.7
862
880.3
881.7
893.6
897.7
897.7
897.7
903.4
902.6
882
880.5
881.7
881.7
881.7
881.7
890.3
883.1
905.8
910.7
910.7
910.7
927.1
925.1
920.6
922.7
908.7
908.7
908.7
904.9
885.9
900.7
906.1
918.4
918.4
918.4
922.9
907.4
906.5
907.4
902.8
902.8
902.8
902.8
926.6
934.6
946.1
944.7
944.7
944.7
937.6
946.1
958.2
967.5
975
975
975
984.2
966.3
988.5
977.1
974.2
974.2
974.2
971.8
976
980.5
993.8
999.5
999.5
999.5
1002.6
1004.3
945.3
920
920
920
920
918.7
935
949.2
948.8
930.6
930.6
930.6
916.2
882.9
895.2
905
909
909
909
922.7
914
933.6
928.3
923.6
923.6
923.6
925.4
928.7
945.1
939.8
912.2
912.2
912.2
914.7
922.3
906.2
886.8
887.2
887.2
887.2
892.9
876.8
865.1
850.9
858
858
858
874.1
877.7
871.2
882.1
885.8
885.8
885.8
884.9
869.6
866.5
880
899.9
899.9
899.9
905.8
920.2
928.6
918.3
925.8
925.8
925.8
925.8
907.9
900.5
877.2
887.3
887.3
887.3
892.9
881.6
879.9
871.8
895.4
895.4
895.4
894.7
867.9
879.7
869.2
870.3
870.3
870.3
883.6
884.3
890.9
901.7
901.3
901.3
901.3
884.8
889.2
880
913.1
931.3
931.3
931.3
928.3
944.5
946.5
933.6
933.6
933.6
933.6
928.8
923.3
928.6
942
960.6
960.6
960.6
973.7
978.7
962.7
970.7
958
958
958
963.7
948.5
922.8
922.3
926.8
926.8
926.8
927.7
916.5
902.9
913.9
909
909
909
900.1
878.6
875.6
870.7
857.8
857.8
857.8
821.5
808.2
825
808.2
786
786
786
799.7
811.1
810.3
833
827.4
827.4
827.4
819.8
822.2
828.1
833.3
831.2
831.2
831.2
831.2
806.6
804.3
799.3
798.8
798.8
798.8
798.5
788.1
758.9
742.1
761
761
761
783.8
777.1
847.1
893.2
861
861
861
904.3
885.9
889.4
878
882.9
882.9
882.9
888.2
874.2
880.7
839
828.9
828.9
828.9
862.7
878.4
903.1
883.1
855.4
855.4
855.4
838.9
836.3
835.5
801.5
785.1
785.1
785.1
787.6
766.1
733.3
713.3
729.1
729.1
729.1
741.7
739.3
752.8
738.5
718.2
718.2
718.2
726.8
757.3
742.4
732.2
734.2
734.2
734.2
746.5
732.8
718.3
705
742.5
742.5
742.5
742
732.7
736
748.7
791.8
791.8
791.8
819.5
818.5
808.5
808.5
816.2
816.2
816.2
774.6
781.3
768.8
763.8
750.5
750.5
750.5
767.4
772.4
807.1
824.9
818.9
818.9
818.9
835.4
841.7
867.5
859.6
836.4
836.4
836.4
846.2
837.2
847.1
847.1
870.4
870.4
870.4
874.6
870
884.3
884.3
879.5
879.5
879.5
857.8
866
841.7
854.5
855
855
855
821
820.7
808.8
807.3
839.9
839.9
839.9
839.9
855.2
850.1
858.8
895.8
895.8
895.8
908.8
899.5
888.2
905.1
927.3
927.3
927.3
906.7
892
901.6
913.6
913.9
913.9
913.9
892.4
913.7
943.8
948.5
941.5
941.5
941.5
941.5
967
977.7
976.1
1001.8
1001.8
1001.8
994.6
969.1
965.7
942.6
942.5
942.5
942.5
940
913.6
906.7
927.8
942.7
942.7
942.7
918
895.9
910.7
924
930.1
930.1
930.1
922
916.8
889.1
958.8
956.2
956.2
956.2
952.5
923.8
935.8
940
923.2
923.2
923.2
915.5
922.6
926.1
907.4
895.6
895.6
895.6
871.5
882.2
884.8
882.2
882.2
882.2
882.2
894.7
890.9
892.8
879.3
867.4
867.4
867.4
887
882.1
891.8
905.9
913.6
913.6
913.6
907.4
892.8
900.5
891.2
888.2
888.2
888.2
902.2
904.3
911
915.5
914.9
914.9
914.9
913.5
923.9
925.9
928.4
931.3
931.3
931.3
921.7
926.7
937.4
951.2
958.9
958.9
958.9
958.9
953.3
953.3
961.5
978.8
978.8
978.8
978.6
983.2
964.5
981.2
961.7
961.7
961.7
951.7
954
954
961.3
940.1
940.1
940.1
926.9
931.6
935.4
934
935.6
935.6
935.6
920.6
923.9
934.1
939.1
940.7
940.7
940.7
940.7
927.4
941.3
931
931
931
931
924.3
929.1
909.3
916.2
912.5
912.5
912.5
922.5
922.8
939.4
935.4
937.5
937.5
937.5
948.8
946.9
953.3
954.8
953.1
953.1
953.1
953.5
939.1
927.2
934.9
953.7
953.7
953.7
956.6
967.5
964.2
960.7
957.3
957.3
957.3
945
945.8
950.7
954.7
947
947
947
934.3
937.7
943.3
940.3
953.2
953.2
953.2
942.3
944.5
944.3
945.5
957.5
957.5
957.5
952.2
955.2
977.1
996.3
995.4
995.4
995.4
995.4
998.5
995.9
995.7
1005.2
1005.2
1005.2
1000.2
1005.3
1019.2
1012.6
1009.4
1009.4
1009.4
1003.9
1014.4
1013.1
997.6
990.3
990.3
990.3
992.5
993.1
1008
999.5
1003.2
1003.2
1003.2
1016.7
1038.6
1043.3
1055.4
1047.8
1047.8
1047.8
1056.7
1064.2
1063.9
1049.8
1050.7
1050.7
1050.7
1057.3
1057.8
1063.7
1057.8
1055.6
1055.6
1055.6
1042.1
1034.7
1029.9
1047.1
1040.4
1040.4
1040.4
1054
1084.9
1087.3
1089.3
1095.7
1095.7
1095.7
1101.4
1102.5
1114.6
1106.6
1116.7
1116.7
1116.7
1139.2
1139.4
1141.2
1141.9
1146.8
1146.8
1146.8
1164.7
1165.8
1187
1187
1174.2
1174.2
1174.2
1181.1
1199.1
1212
1217.4
1168.8
1168.8
1168.8
1163.4
1142.8
1120.4
1125.7
1119.4
1119.4
1119.4
1123.3
1122.4
1135.5
1106.8
1110.8
1110.8
1110.8
1095.4
1086
1093.3
1104.1
1104.1
1104.1
1104.1
1107.2
1097
1092.5
1096.2
1096.2
1096.2
1096.2
1118.3
1118.7
1136.5
1133.7
1138.9
1138.9
1138.9
1151.4
1129.4
1136.8
1143
1130.5
1130.5
1130.5
1130.5
1140
1112.6
1103.2
1089.7
1089.7
1089.7
1095.7
1098.3
1084.5
1083.6
1083
1083
1083
1104.3
1117.4
1111.4
1062.4
1052.2
1052.2
1052.2
1065.7
1076.7
1075.8
1094.2
1089.5
1089.5
1089.5
1089.5
1119.3
1119.5
1118
1121.3
1121.3
1121.3
1112.6
1102.7
1096.5
1108.5
1118.9
1118.9
1118.9
1118.3
1137.4
1143.3
1133.1
1135.2
1135.2
1135.2
1124
1122.3
1108.1
1108.2
1101.7
1101.7
1101.7
1105.4
1122.5
1124.2
1127.5
1107.6
1107.6
1107.6
1099.5
1103.7
1088.8
1092.9
1104.3
1104.3
1104.3
1110.3
1104.5
1113.3
1125.1
1125.1
1125.1
1125.1
1132.9
1135.1
1152.3
1152.2
1161.1
1161.1
1161.1
1161.6
1152.8
1159
1159.7
1136.3
1136.3
1136.3
1135.2
1138.6
1148.2
1142.3
1153.1
1153.1
1153.1
1153.5
1161.7
1171.3
1168.8
1180.7
1180.7
1180.7
1183.3
1169.2
1175
1197.3
1210.4
1210.4
1210.4
1200.8
1220.3
1243.1
1229.2
1227.8
1227.8
1227.8
1228.1
1214.6
1193.1
1188.6
1176.1
1176.1
1176.1
1194
1198
1213.4
1211.9
1212.2
1212.2
1212.2
1212.2
1224.8
1220.6
1208.3
1216.2
1216.2
1216.2
1239.3
1244
1228.5
1220.8
1228.9
1228.9
1228.9
1223.3
1233.2
1229.3
1247.5
1257.2
1257.2
1257.2
1239.7
1239.9
1234.1
1245.5
1255.8
1255.8
1255.8
1238.2
1242.4
1245.9
1206.7
1207.7
1207.7
1207.7
1207.7
1195.1
1198.9
1196.1
1209.8
1209.8
1209.8
1198.7
1213.5
1207
1208.3
1188.2
1188.2
1188.2
1181.9
1191.7
1191.8
1195.6
1187.8
1187.8
1187.8
1183.1
1158
1160.4
1168.4
1181.7
1181.7
1181.7
1183.4
1185.2
1193.7
1197.2
1203.4
1203.4
1203.4
1200.7
1196.2
1197.5
1214.8
1214.9
1214.9
1214.9
1224.5
1226.6
1229.7
1233.8
1227.2
1227.2
1227.2
1226.9
1231.8
1239.5
1235.4
1236
1236
1236
1238
1249
1246.8
1252.1
1249.8
1249.8
1249.8
1249.8
1257.9
1256.1
1249.4
1245
1245
1245
1245.6
1270.2
1267.1
1272.2
1275.9
1275.9
1275.9
1279.3
1272.7
1290.5
1294.6
1296.3
1296.3
1296.3
1296.9
1306.6
1308.5
1307.8
1316.1
1316.1
1316.1
1315.4
1338.9
1346.4
1333.9
1344.2
1344.2
1344.2
1353.3
1345.7
1369.5
1376.7
1371.1
1371.1
1371.1
1371.2
1335.1
1343.3
1324.7
1324.4
1324.4
1324.4
1338.3
1338
1322.2
1342.5
1357.6
1357.6
1357.6
1350.6
1356.9
1337.6
1383.1
1397.7
1397.7
1397.7
1403.2
1410.1
1399.3
1403.3
1365.5
1365.5
1365.5
1368.5
1338.4
1336.9
1353
1352.3
1352.3
1352.3
1357.8
1377.6
1373
1373
1362.4
1362.4
1362.4
1366
1385
1387.3
1388.5
1405.4
1405.4
1405.4
1415.3
1408.3
1382.5
1392.1
1384.3
1384.3
1384.3
1397.3
1403.6
1385.5
1370.4
1378.6
1378.6
1378.6
1385.5
1388.2
1386.8
1380
1380
1380
1380
1382.4
1405.2
1413.1
1405.9
1421.4
1421.4
1421.4
1422.9
1378.8
1373.7
1371.7
1368.9
1368.9
1368.9
1374.1
1384.3
1385.8
1387
1360.5
1360.5
1360.5
1360.5
1368.2
1370.2
1346.5
1341
1341
1341
1344.5
1332.3
1333
1318.4
1340.7
1340.7
1340.7
1333.8
1339.6
1331.5
1352.3
1348.3
1348.3
1348.3
1347.6
1363.4
1364.8
1361.9
1359.9
1359.9
1359.9
1364.6
1373.6
1374.7
1384.7
1388.2
1388.2
1388.2
1388.2
1400.5
1413.4
1415.3
1409.3
1409.3
1409.3
1409.9
1431.2
1437.7
1416.4
1428.6
1428.6
1428.6
1434.5
1427.2
1429.6
1412.5
1421.8
1421.8
1421.8
1424.9
1392.8
1396.1
1404.2
1416.1
1416.1
1416.1
1426.4
1427.6
1438
1434.9
1426.2
1426.2
1426.2
1419.9
1416.2
1423.8
1438.9
1428.1
1428.1
1428.1
1432.2
1451.8
1457.7
1458.5
1473.4
1473.4
1473.4
1467.4
1452.9
1454.9
1471.7
1485.3
1485.3
1485.3
1492.3
1494.5
1498.3
1503.2
1503.2
1503.2
1503.2
1508.6
1503
1516.7
1531.2
1556.4
1556.4
1556.4
1557.1
1540.4
1515.3
1481.4
1491.6
1491.6
1491.6
1503.2
1516.9
1501.4
1506.8
1493.6
1493.6
1493.6
1490.6
1480
1495.8
1492.4
1508.9
1508.9
1508.9
1515.4
1523.3
1526.7
1522.8
1536.3
1536.3
1536.3
1536.3
1535.9
1542.4
1532
1541.7
1541.7
1541.7
1546.5
1543.3
1538.1
1542.1
1528.6
1528.6
1528.6
1515
1523.8
1525.6
1529.3
1538.6
1538.6
1538.6
1541.5
1546
1552.9
1520.1
1500.5
1500.5
1500.5
1496
1499.7
1510.4
1502.8
1482.6
1482.6
1482.6
1482.6
1512.7
1529.2
1530.6
1541.6
1541.6
1541.6
1549.2
1562.3
1585.5
1589.3
1590.1
1590.1
1590.1
1602.4
1601.1
1596.9
1587
1601.5
1601.5
1601.5
1612.2
1616.8
1615.1
1613.4
1628.3
1628.3
1628.3
1619
1641.9
1663.4
1656.2
1648.8
1648.8
1648.8
1710.2
1740
1781.3
1748.8
1740.2
1740.2
1740.2
1755.5
1782.4
1791.2
1818.9
1848.9
1848.9
1848.9
1888.7
1858.3
1754.1
1759.8
1794.1
1794.1
1794.1
1788.4
1827.5
1829.3
1826.7
1874.4
1874.4
1874.4
1874.4
1870.6
1814.9
1855.2
1857.1
1857.1
1857.1
1810.6
1827.5
1824.2
1779.2
1812.5
1812.5
1812.5
1776.7
1806.9
1805.8
1739.4
1637.7
1637.7
1637.7
1592.7
1650.6
1616.1
1615.5
1620.4
1620.4
1620.4
1656
1614.7
1640.3
1651.9
1634.5
1634.5
1634.5
1669.6
1659.7
1681.3
1667.3
1681.8
1681.8
1681.8
1675.5
1651.7
1646
1611.9
1635.1
1635.1
1635.1
1651.5
1699.6
1722.7
1746.7
1747.2
1747.2
1747.2
1725.2
1711.8
1729.6
1765.1
1756.1
1756.1
1756.1
1791.1
1799.2
1791.6
1759.6
1788.1
1788.1
1788.1
1778.4
1782.2
1774.3
1720.2
1725.1
1725.1
1725.1
1678.6
1702.4
1695.9
1695.9
1685.7
1685.7
1685.7
1710.8
1713.4
1745.5
1735.3
1747
1747
1747
1730.7
1727.9
1740.9
1709.8
1712.8
1712.8
1712.8
1664.2
1659.9
1584.3
1574.6
1595.6
1595.6
1595.6
1594.4
1615.6
1611.9
1608.9
1604.7
1604.7
1604.7
1604.7
1594.2
1562.9
1540.9
1566.8
1566.8
1566.8
1566.8
1600.5
1612.7
1620.1
1616.8
1616.8
1616.8
1608.1
1631.5
1639.6
1647.7
1630.8
1630.8
1630.8
1630.8
1655.6
1659.9
1654.5
1664
1664
1664
1678.3
1664.5
1700.1
1726.7
1732.2
1732.2
1732.2
1731
1737.8
1747.1
1756.8
1737.9
1737.9
1737.9
1722.8
1746.4
1729.3
1739
1723.3
1723.3
1723.3
1723
1715.9
1726.3
1726.8
1724.5
1724.5
1724.5
1724.5
1757.1
1770
1784.9
1775.1
1775.1
1775.1
1773.6
1788.4
1711.3
1722.2
1709.8
1709.8
1709.8
1703.9
1672.1
1683.9
1698.7
1711.5
1711.5
1711.5
1699.8
1694.2
1642.9
1659.5
1655.8
1655.8
1655.8
1667.3
1647
1650.3
1642.5
1662.4
1662.4
1662.4
1685.6
1684.9
1657.9
1652.2
1669.3
1669.3
1669.3
1677.5
1670
1612.3
1628.5
1628.5
1628.5
1628.5
1642.5
1659.5
1659
1679.5
1659.1
1659.1
1659.1
1648.7
1650.3
1638.8
1640.6
1642.1
1642.1
1642.1
1631.9
1643
1641.4
1659.6
1664.8
1664.8
1664.8
1664.2
1662.4
1654
1634.8
1645.2
1645.2
1645.2
1639.1
1604.5
1594.2
1595.5
1584
1584
1584
1561
1557.1
1536.6
1574.9
1591.9
1591.9
1591.9
1588.7
1576.6
1548.4
1557.5
1568.9
1568.9
1568.9
1568.9
1548.7
1563.4
1562.6
1620.5
1620.5
1620.5
1612.2
1615.2
1632.8
1586.6
1590.1
1590.1
1590.1
1595.5
1612.7
1618.1
1618.4
1627
1627
1627
1625.7
1622.2
1614.8
1564.5
1566
1566
1566
1587.5
1574
1577.5
1550.4
1604.2
1604.2
1604.2
1597.7
1621.8
1621.8
1609.4
1578.9
1578.9
1578.9
1589.1
1579.8
1575.7
1565.3
1592
1592
1592
1591.6
1589.5
1570.8
1580.4
1582.8
1582.8
1582.8
1577.4
1576.2
1608.1
1615.1
1618
1618
1618
1619.7
1610.5
1603.7
1587.4
1606
1606
1606
1612.9
1609.7
1612.9
1617.1
1619.7
1619.7
1619.7
1609.6
1599.4
1603.7
1616.1
1616.3
1616.3
1616.3
1620.1
1639.9
1637.4
1669.6
1669.8
1669.8
1669.8
1672.4
1666.5
1659.8
1654.8
1685.3
1685.3
1685.3
1685.3
1693.6
1691.6
1703.2
1738
1738
1738
1729.2
1732.3
1731.1
1769.5
1770.1
1770.1
1770.1
1768
1768.7
1769.3
1767.8
1775.6
1775.6
1775.6
1762.2
1763.9
1750.7
1777.6
1771.1
1771.1
1771.1
1780.5
1772.7
1777.3
1794.1
1778.6
1778.6
1778.6
1773.5
1763
1763.2
1768.8
1758
1758
1758
1736
1744.7
1751.5
1743.3
1722.8
1722.8
1722.8
1725.1
1708.3
1700.5
1712
1710.9
1710.9
1710.9
1707.7
1712.1
1719.1
1715.5
1675.2
1675.2
1675.2
1683.2
1715
1714
1726
1730.9
1730.9
1730.9
1730.9
1724.8
1730.1
1713.8
1714.7
1714.7
1714.7
1734.4
1723.6
1728.2
1728.2
1751.4
1751.4
1751.4
1749.6
1742.3
1716.5
1727.2
1710.9
1710.9
1710.9
1719.6
1694.4
1692.4
1700.3
1704
1704
1704
1713
1708.2
1716.6
1695.6
1695.8
1695.8
1695.8
1697
1669.5
1666.5
1644.9
1659.1
1659.1
1659.1
1658.6
1658.6
1659.8
1662.6
1655.9
1655.9
1655.9
1675.8
1675.8
1688.8
1674.6
1648.9
1648.9
1648.9
1646.3
1662.2
1655.5
1678
1660.6
1660.6
1660.6
1669.4
1683.9
1683.2
1690.8
1687
1687
1687
1687
1693.2
1686.7
1669.9
1656.6
1656.6
1656.6
1652.9
1660.8
1679.9
1660.6
1669.4
1669.4
1669.4
1675.3
1672.4
1677.7
1670.4
1666
1666
1666
1648.2
1648.7
1644.2
1634.7
1608.8
1608.8
1608.8
1608.8
1603.6
1577.6
1578.2
1572.4
1572.4
1572.4
1586.2
1615.2
1595.7
1578.1
1572.3
1572.3
1572.3
1572.4
1574.9
1574.9
1575.1
1576.9
1576.9
1576.9
1578
1591.7
1588.4
1590.7
1592.6
1592.6
1592.6
1604.6
1611.3
1607.5
1613.8
1606.1
1606.1
1606.1
1604.5
1595.7
1606.2
1594.8
1594.8
1594.8
1594.8
1600
1575.1
1552.8
1551.8
1575.4
1575.4
1575.4
1572
1586.2
1558.3
1564.3
1501
1501
1501
1360.6
1386.8
1382.2
1392
1395.3
1395.3
1395.3
1421
1408.6
1423.4
1461.8
1453.6
1453.6
1453.6
1467.4
1472.1
1446.2
1467.6
1464.2
1464.2
1464.2
1468
1448.8
1473.7
1468.6
1436.6
1436.6
1436.6
1434.3
1424.5
1396.2
1386.9
1364.7
1364.7
1364.7
1384.1
1377.6
1367.4
1391.8
1386.6
1386.6
1386.6
1386.6
1378.9
1391.3
1411.5
1392.6
1392.6
1392.6
1411.7
1397.1
1398.4
1415.7
1383
1383
1383
1386.2
1377
1391.8
1377.6
1387.3
1387.3
1387.3
1382.8
1366.6
1373.6
1285.9
1291.6
1291.6
1291.6
1276.8
1274.8
1229.6
1211.6
1223.7
1223.7
1223.7
1255.7
1243.4
1251.9
1251.9
1212.7
1212.7
1212.7
1234.9
1245.9
1247.4
1279.9
1277.6
1277.6
1277.6
1283.5
1290.4
1277.5
1284.2
1292.9
1292.9
1292.9
1336
1334.7
1319.5
1328.8
1321.5
1321.5
1321.5
1328.4
1324
1312.4
1311
1310.6
1310.6
1310.6
1302.6
1283.2
1286.1
1310.7
1312.9
1312.9
1312.9
1334.7
1321.2
1334
1361.6
1371.7
1371.7
1371.7
1366.2
1373.1
1370.6
1371.2
1395.7
1395.7
1395.7
1393
1420.6
1419
1412.6
1395.8
1395.8
1395.8
1395.8
1411.7
1389.6
1372.6
1386.2
1386.2
1386.2
1386.4
1363.7
1363.5
1330.3
1308.4
1308.4
1308.4
1317.8
1309.4
1307.7
1369.5
1332.6
1332.6
1332.6
1327
1316
1335.9
1323.6
1338.4
1338.4
1338.4
1326.5
1286
1320.6
1317.4
1309.7
1309.7
1309.7
1324.8
1324.2
1306.9
1296.6
1268
1268
1268
1276.4
1273
1282
1322.7
1314.4
1314.4
1314.4
1315.7
1342.5
1333.9
1350.2
1352.4
1352.4
1352.4
1352
1345.2
1349.3
1323.7
1313.2
1313.2
1313.2
1314.7
1308.1
1317.8
1308.5
1284.6
1284.6
1284.6
1281.1
1271.2
1268.4
1286.3
1287.4
1287.4
1287.4
1272.3
1273.5
1258
1243.6
1244.1
1244.1
1244.1
1241.2
1241.4
1237.8
1237.8
1250.6
1250.6
1250.6
1222.3
1221.7
1248.2
1233.2
1230.3
1230.3
1230.3
1235.3
1262.4
1258.5
1226
1235.7
1235.7
1235.7
1245.5
1231.2
1236.1
1195
1205.1
1205.1
1205.1
1198.4
1205.1
1205.1
1214.1
1216.1
1216.1
1216.1
1203.8
1202.3
1202.3
1225.2
1238.6
1238.6
1238.6
1238
1229.6
1225.5
1229.4
1246.9
1246.9
1246.9
1251.1
1245.4
1238.3
1240.2
1251.9
1251.9
1251.9
1251.9
1241.8
1238.6
1262.3
1264.3
1264.3
1264.3
1263.4
1250.8
1262.2
1242.2
1240.1
1240.1
1240.1
1260.4
1251.7
1257.3
1257.6
1263.3
1263.3
1263.3
1274.8
1290.1
1295.3
1300.4
1319
1319
1319
1319
1324.7
1320.6
1317.1
1323.9
1323.9
1323.9
1338.3
1343
1328.2
1331.8
1321.6
1321.6
1321.6
1350.3
1337.9
1340.3
1351.8
1338.2
1338.2
1338.2
1341.5
1346.7
1370.5
1372.4
1379
1379
1379
1372.9
1359
1341.3
1330.5
1336
1336
1336
1311.2
1311.4
1303.4
1294.7
1293.8
1293.8
1293.8
1283.4
1279.6
1290.5
1284.4
1303.2
1303.2
1303.2
1298
1308.7
1305.5
1320.1
1318.7
1318.7
1318.7
1327.2
1300
1303.1
1293.4
1293.4
1293.4
1293.4
1288
1280.6
1284.2
1290.5
1300.7
1300.7
1300.7
1298.9
1296.3
1295.9
1283.4
1302.9
1302.9
1302.9
1309.3
1308.6
1288.9
1287.7
1287.6
1287.6
1287.6
1295.8
1294.8
1305.9
1293.6
1293.4
1293.4
1293.4
1293.8
1294.6
1288.1
1295
1291.7
1291.7
1291.7
1291.7
1265.5
1259.3
1256.3
1245.6
1245.6
1245.6
1243.7
1244.3
1244
1253
1252.1
1252.1
1252.1
1253.5
1259.8
1260.8
1273.6
1273.7
1273.7
1273.7
1274.9
1271.7
1272.4
1313.7
1316.2
1316.2
1316.2
1318
1320.9
1322.2
1316.1
1320
1320
1320
1322
1326.6
1330.9
1320.6
1320.6
1320.6
1320.6
1317
1316.5
1324.3
1339.2
1337.4
1337.4
1337.4
1306.7
1297.1
1299.8
1316.9
1309.4
1309.4
1309.4
1313.9
1306.3
1304.7
1290.8
1303.3
1303.3
1303.3
1303.3
1298.3
1294.9
1281.3
1293.6
1293.6
1293.6
1287.7
1284
1306.7
1310.8
1308.9
1308.9
1308.9
1308.5
1308.8
1312.8
1313.9
1304.5
1304.5
1304.5
1297.7
1295.1
1293.4
1273.7
1278.6
1278.6
1278.6
1277.3
1283.8
1281.9
1289.5
1286.5
1286.5
1286.5
1286.5
1264.3
1269.4
1265.6
1266.3
1266.3
1266.3
1253.2
1247.3
1244.1
1237.9
1230.4
1230.4
1230.4
1234.1
1235.7
1234.9
1225.9
1215.5
1215.5
1215.5
1216.8
1221
1218.6
1221.2
1214.1
1214.1
1214.1
1217.5
1210.5
1214.6
1214.2
1192.2
1192.2
1192.2
1206.7
1211.7
1205.3
1224.6
1221
1221
1221
1229.3
1233.6
1244.1
1240.5
1238.3
1238.3
1238.3
1244
1251
1244.8
1228.5
1231.2
1231.2
1231.2
1229.1
1229.2
1224.3
1198.6
1171.6
1171.6
1171.6
1169.8
1167.7
1145.7
1142.6
1169.8
1169.8
1169.8
1159.8
1163
1159.1
1161.5
1185.6
1185.6
1185.6
1183.5
1197.1
1193.9
1190.9
1197.7
1197.7
1197.7
1195.7
1197.1
1196.6
1196.6
1175.2
1175.2
1175.2
1218
1199.2
1208.5
1207.5
1190.1
1190.1
1190.1
1194.7
1231.5
1228.9
1225.1
1222
1222
1222
1207.2
1193.9
1194.3
1194.7
1195.9
1195.9
1195.9
1179.7
1177.9
1173.5
1173.5
1195.3
1195.3
1195.3
1181.7
1200.4
1184.1
1184.1
1186.2
1186.2
1186.2
1204
1219.4
1210.7
1208.5
1216.1
1216.1
1216.1
1232.8
1234.4
1234.5
1264.8
1276.9
1276.9
1276.9
1276.9
1294.2
1293.7
1300.7
1292.6
1292.6
1292.6
1279.4
1291.7
1285.9
1254.6
1278.5
1278.5
1278.5
1276.2
1259.7
1263.8
1262
1233.9
1233.9
1233.9
1240.8
1231.6
1219
1220.1
1226.5
1226.5
1226.5
1226.5
1208.1
1199.7
1207.1
1204.4
1204.4
1204.4
1200.3
1196.9
1201
1210.1
1213.1
1213.1
1213.1
1208.2
1204.4
1200.9
1196.2
1164.3
1164.3
1164.3
1166.5
1160.1
1150.6
1151.9
1152.4
1152.4
1152.4
1153.2
1148.2
1151.3
1169
1184.6
1184.6
1184.6
1187.7
1191.4
1197
1204.8
1199.8
1199.8
1199.8
1184.8
1183.1
1208.1
1200.9
1200.9
1200.9
1200.9
1218.6
1210.6
1203.1
1193.6
1204.6
1204.6
1204.6
1199.3
1192.8
1201.5
1198
1202.9
1202.9
1202.9
1193.5
1202.9
1186.9
1194.4
1175.2
1175.2
1175.2
1203.3
1214
1210
1182.4
1174.5
1174.5
1174.5
1186.8
1193.2
1190.3
1182.2
1188.9
1188.9
1188.9
1183
1192.4
1218.2
1225.2
1225.3
1225.3
1225.3
1227.6
1206.7
1208.7
1204.1
1204
1204
1204
1204
1186.9
1185.6
1188.1
1189.4
1189.4
1189.4
1188.3
1194.1
1184.7
1174.9
1167.8
1167.8
1167.8
1173.2
1177.3
1186.1
1179.9
1178.8
1178.8
1178.8
1185.3
1180.5
1176.4
1201.5
1201.5
1201.5
1201.5
1183.7
1176.2
1172.6
1171.5
1172.9
1172.9
1172.9
1179
1171.8
1169.3
1163.5
1163.5
1163.5
1163.5
1173.2
1152.6
1163.5
1159.2
1157.9
1157.9
1157.9
1155.4
1153.5
1147.4
1143.9
1131.9
1131.9
1131.9
1106.8
1103.5
1091.5
1094.1
1085.5
1085.5
1085.5
1096.4
1096.2
1092.6
1088.4
1094.9
1094.9
1094.9
1089.4
1090.7
1085.7
1090.2
1094.1
1094.1
1094.1
1104.2
1107.6
1123.2
1115.7
1112.9
1112.9
1112.9
1118.6
1117.1
1128.1
1153
1159.6
1159.6
1159.6
1153.4
1138.2
1124.6
1122.4
1133.5
1133.5
1133.5
1132
1139.3
1133.1
1124
1120.9
1120.9
1120.9
1120.9
1120.7
1102
1109.3
1103.3
1103.3
1103.3
1107.5
1102.6
1119
1117.1
1138.1
1138.1
1138.1
1133.1
1125
1131.6
1153.8
1145.7
1145.7
1145.7
1131.7
1127.1
1115.5
1114.2
1137.1
1137.1
1137.1
1138.1
1146.8
1149
1144.7
1156.3
1156.3
1156.3
1164.9
1165.8
1180.1
1187.9
1183.6
1183.6
1183.6
1173.3
1178
1167.6
1166.6
1163.3
1163.3
1163.3
1167
1166.8
1177.1
1147.3
1141.4
1141.4
1141.4
1135.9
1114.1
1106.2
1104.2
1087.7
1087.7
1087.7
1088.1
1088.5
1084.9
1081
1080.9
1080.9
1080.9
1083.6
1068.6
1068.7
1077.9
1076.3
1076.3
1076.3
1066.8
1073.8
1070
1070
1056.2
1056.2
1056.2
1065.8
1063.8
1054.2
1061.7
1084.5
1084.5
1084.5
1076.4
1076.3
1077.6
1073.1
1076.9
1076.9
1076.9
1064.7
1062.9
1078
1050.8
1066.2
1066.2
1066.2
1081.9
1074.8
1069.4
1077.2
1077.2
1077.2
1077.2
1070.5
1077.5
1059.8
1060.2
1060.2
1060.2
1060.2
1075.2
1078.4
1091.9
1107.8
1097.9
1097.9
1097.9
1096.2
1085.2
1087.1
1073.6
1090.7
1090.7
1090.7
1090.7
1089.1
1106.2
1098.2
1096.3
1096.3
1096.3
1105.3
1120.2
1115.8
1115.6
1116.4
1116.4
1116.4
1127.9
1127.3
1141.3
1157.6
1157.8
1157.8
1157.8
1197.9
1198.7
1194.7
1247.9
1239.1
1239.1
1239.1
1239.1
1207.9
1211.1
1226.1
1230.4
1230.4
1230.4
1209.5
1222.3
1238.7
1238.2
1220.4
1220.4
1220.4
1234.4
1230.8
1241.8
1258.2
1270.7
1270.7
1270.7
1264
1262.9
1257.4
1272.8
1259.4
1259.4
1259.4
1245.1
1231
1229.8
1265
1254.3
1254.3
1254.3
1244.2
1248.6
1224
1221.6
1221.6
1221.6
1221.6
1220.1
1235.8
1226.9
1234.2
1222.2
1222.2
1222.2
1218
1228.4
1222.5
1236.2
1242.5
1242.5
1242.5
1256.7
1259.4
1246.8
1225
1233.1
1233.1
1233.1
1233.6
1253
1253.2
1249
1228.7
1228.7
1228.7
1238.9
1242.2
1249.2
1266.4
1290.5
1290.5
1290.5
1295.8
1291.8
1274.4
1272.3
1294
1294
1294
1266.6
1264.8
1275.5
1271.2
1272.7
1272.7
1272.7
1274.2
1276.9
1274.4
1254.8
1252.9
1252.9
1252.9
1251.5
1229.2
1223.8
1220.4
1213.8
1213.8
1213.8
1213.8
1214.8
1211.9
1209.8
1240.1
1240.1
1240.1
1244.6
1244.4
1259.8
1270.2
1273.4
1273.4
1273.4
1284.4
1285.6
1285.8
1296.1
1292.5
1292.5
1292.5
1290
1270.5
1268
1261.2
1320
1320
1320
1322.5
1315.3
1326.9
1320.6
1339
1339
1339
1339
1358.7
1367.1
1362.1
1358.4
1358.4
1358.4
1356.6
1335.3
1343.6
1332.2
1327.4
1327.4
1327.4
1329.3
1332.3
1319.3
1331
1323.4
1323.4
1323.4
1319.5
1320.8
1326.7
1332.3
1349
1349
1349
1351.4
1364.4
1356.1
1358.8
1336.4
1336.4
1336.4
1333.4
1339
1344.3
1342.5
1335.8
1335.8
1335.8
1340.3
1350.5
1342.7
1351.2
1340.4
1340.4
1340.4
1337.7
1340.6
1324.4
1320.1
1321.5
1321.5
1321.5
1322.9
1313
1307.9
1313.6
1323.2
1323.2
1323.2
1323.2
1350.4
1345.3
1337.8
1330.7
1330.7
1330.7
1321.6
1319.6
1322
1314
1306.2
1306.2
1306.2
1313.8
1314
1327.2
1340.7
1337.5
1337.5
1337.5
1339.8
1326
1319.4
1321.7
1313.3
1313.3
1313.3
1309
1266.3
1265.2
1249.8
1248.9
1248.9
1248.9
1257.5
1253
1251.1
1255
1253.1
1253.1
1253.1
1254.4
1260.8
1267.9
1265.6
1265.9
1265.9
1265.9
1262
1271.9
1264.8
1267.9
1276.8
1276.8
1276.8
1273.1
1288
1308.2
1303.3
1304.5
1304.5
1304.5
1279.4
1274.5
1273.5
1266.4
1224.3
1224.3
1224.3
1221.7
1224.5
1223.9
1216.9
1208.7
1208.7
1208.7
1209.8
1211.2
1189.3
1189.3
1178.4
1178.4
1178.4
1190.8
1187.9
1170.8
1166.9
1175.1
1175.1
1175.1
1174
1167.6
1175
1169.8
1159.4
1159.4
1159.4
1163.5
1156.7
1161.3
1127.8
1135.3
1135.3
1135.3
1140.5
1131.5
1131.1
1128.8
1131.9
1131.9
1131.9
1131.9
1137.3
1139.4
1158.1
1151.7
1151.7
1151.7
1151.7
1162
1165.3
1181.3
1173.4
1173.4
1173.4
1184.9
1185.5
1196.6
1199.8
1196.2
1196.2
1196.2
1196.2
1212.9
1212.1
1201.5
1204.9
1204.9
1204.9
1215.6
1210.8
1197.8
1189.8
1188.4
1188.4
1188.4
1193.2
1208.6
1205.6
1216.7
1218.5
1218.5
1218.5
1230
1234.2
1237.6
1235.1
1234.4
1234.4
1234.4
1224.4
1223.9
1231.7
1240
1237.6
1237.6
1237.6
1237.6
1237.5
1232
1250.2
1256.9
1256.9
1256.9
1258.8
1253.9
1250
1232.9
1226.5
1226.5
1226.5
1225.5
1216.1
1209.4
1203.2
1201.4
1201.4
1201.4
1203.1
1202.6
1200.7
1227.1
1230.2
1230.2
1230.2
1234
1246.5
1249.7
1247.2
1248.5
1248.5
1248.5
1255.7
1255.6
1253.7
1245
1247.3
1247.3
1247.3
1250.8
1255
1245.4
1250.3
1254.3
1254.3
1254.3
1251.1
1271.2
1275.3
1285.9
1285.9
1285.9
1285.9
1289.4
1291.7
1281.4
1281.9
1287.4
1287.4
1287.4
1275.8
1265.6
1262.1
1265.9
1268.3
1268.3
1268.3
1255.5
1257
1248.5
1228.6
1226.9
1226.9
1226.9
1233.2
